files:
    util-linux-2.37.3.tar.xz:
        size: 6126260
        added: 2022-06-08T12:44:35.258150555+09:00
        hashes:
            sha1: d9268fd10d8984287cee191566a1f8eb9409913f
            sha3-256: 32876c910717ec7ef009a94784b1c5303efaa8f5ca07502274c836f45f521fe8
            sha256: 590c592e58cd6bf38519cb467af05ce6a1ab18040e3e3418f24bcfb2f55f9776
    util-linux-2.38.tar.xz:
        size: 7349140
        added: 2022-06-08T12:48:42.316924714+09:00
        hashes:
            sha1: 4d2fd8fc62d2cd1ca6355f1412c6ad66462fd196
            sha3-256: 4f9cb6b587d6778c5103855dcf492f998c4865f331827d230a4d26086f92575c
            sha256: 6d111cbe4d55b336db2f1fbeffbc65b89908704c01136371d32aa9bec373eb64
