files:
    numactl-2.0.14.tar.gz:
        size: 439000
        added: 2022-06-08T11:33:34.267348064+09:00
        hashes:
            sha1: 1325d20027bbfc9ec5b840a599f6773d38b54a00
            sha3-256: 6316d01bfde09ff72ee567037a0bfea0a6b312f26d0148083e033ea6e838d2d8
            sha256: 826bd148c1b6231e1284e42a4db510207747484b112aee25ed6b1078756bcff6
    numactl-2.0.16.tar.gz:
        size: 450003
        added: 2023-04-05T17:23:13.764380908+09:00
        hashes:
            sha1: 37ea1a333827f279e940bf0ae55d6897b331f19f
            sha3-256: 4d6c9cefae566a7f964143323d8f20caa658cd590ffd5b25e87a1d01587d20e5
            sha256: 1b242f893af977a1d31af6ce9d6b8dafdd2d8ec3dc9207f7c2dc0d3446e7c7c8
